[
["iap_1","669","image_1","获得 100 钻石,获得1星突破材料 20 个,获得2星突破材料 10 个","686","600","0.99","965","889","1","1","100","iap_1","0","0","4","1","0","1","1","2","100","2","13","20","2","10","10","3","3","1"],
["iap_2",670,"image_2","获得 600 钻石,获得 30000 金币,获得角色劳拉使用权",687,1800,2.99,0,890,1,2,100,"iap_2",0,0,2,1,0,1,1,2,600,1,1,30000,6,2,1,"","",""],
["iap_20",902,"image_22","获得随机3个4星插件",910,1800,2.99,0,918,1,1,10,"iap_20",0,"iap_1",0,1,0,0,4,4,7,4,4,7,4,4,7,"","",""],
["iap_13",1050,"image_18","获得伽马枪与对应的突破材料",903,1800,2.99,965,911,1,4,10,"iap_27",0,0,4,1,0,1,3,7,1,2,15,20,2,10,10,"","",""],
["iap_14",1050,"image_18","获得光线炮与对应的突破材料",904,1800,2.99,967,912,1,4,10,"iap_27",0,0,4,1,0,1,3,17,1,2,19,20,2,10,10,"","",""],
["iap_15",1050,"image_18","获得激光霰弹枪与对应的突破材料",905,1800,2.99,966,913,1,4,10,"iap_27",0,0,4,1,0,1,3,19,1,2,16,20,2,10,10,"","",""],
["iap_21",1051,"image_18","获得伽马枪与对应的突破材料2",919,3000,4.99,965,911,1,5,50,"iap_28",0,0,4,1,0,1,5,7,60,2,15,40,2,10,20,2,26,10],
["iap_22",1051,"image_18","获得光线炮与对应的突破材料2",920,3000,4.99,967,912,1,5,50,"iap_28",0,0,4,1,0,1,5,17,60,2,19,40,2,10,20,2,22,10],
["iap_23",1051,"image_18","获得激光霰弹枪与对应的突破材料2",921,3000,4.99,966,913,1,5,50,"iap_28",0,0,4,1,0,1,5,19,60,2,16,40,2,10,20,2,26,10],
["iap_19",901,"image_23","获得随机3个5星插件",909,3000,4.99,0,917,1,2,10,"iap_19",0,"iap_2",0,1,0,0,4,5,7,4,5,7,4,5,7,"","",""],
["iap_24",1052,"image_18","获得伽马枪与对应的突破材料3",922,6800,9.99,965,911,1,6,200,"iap_29",0,0,4,1,0,1,5,7,300,2,10,40,2,26,30,2,2,15],
["iap_25",1052,"image_18","获得光线炮与对应的突破材料3",923,6800,9.99,967,912,1,6,200,"iap_29",0,0,4,1,0,1,5,17,300,2,10,40,2,22,30,2,8,15],
["iap_26",1052,"image_18","获得激光霰弹枪与对应的突破材料3",924,6800,9.99,966,913,1,6,200,"iap_29",0,0,4,1,0,1,5,19,300,2,10,40,2,26,30,2,2,15],
["iap_4",672,"image_4","获得传说武器 1 把,获得 3000 钻石,获得 50000 金币",689,6800,9.99,704,891,1,2,10,"iap_4",0,0,4,1,0,1,1,2,3000,1,1,50000,3,24,1,"","",""],
["iap_5",673,"image_5","获得 5000 钻石,获得 100000 金币",690,8800,12.99,705,892,1,1,10,"iap_5",0,0,1,1,0,1,1,2,5000,1,1,100000,0,1,0,"","",""],
["iap_16",1053,"image_21","获得一套霰弹枪6星插件",906,12800,19.99,968,914,1,3,20,"iap_33",0,0,3,1,0,1,4,6,8,4,6,9,4,6,10,"","",""],
["iap_17",1053,"image_21","获得一套激光枪6星插件",907,12800,19.99,968,915,1,3,20,"iap_33",0,0,3,1,0,1,4,6,11,4,6,12,4,6,13,"","",""],
["iap_18",1053,"image_21","获得一套光线炮6星插件",908,12800,19.99,968,916,1,3,20,"iap_33",0,0,3,1,0,1,4,6,14,4,6,15,4,6,16,"","",""],
["iap_27",1050,"image_18","获得赫菲斯托斯与对应的突破材料",1021,1800,2.99,1024,1025,1,4,50,"iap_27",0,0,4,1,0,1,3,36,1,2,16,20,2,10,10,"","",""],
["iap_28",1051,"image_18","获得赫菲斯托斯与对应的突破材料2",1022,3000,4.99,1024,1025,1,5,100,"iap_28",0,0,4,1,0,1,5,36,60,2,16,40,2,10,20,2,22,10],
["iap_29",1052,"image_18","获得赫菲斯托斯与对应的突破材料3",1023,6800,9.99,1024,1025,1,6,200,"iap_29",0,0,4,1,0,1,5,36,300,2,10,40,2,22,30,2,9,15],
["iap_30",1050,"image_18","获得赫菲斯托斯与对应的突破材料",1058,1800,2.99,1024,1070,1,4,50,"iap_27",0,0,4,1,0,1,3,31,1,2,16,20,2,10,10,"","",""],
["iap_31",1051,"image_18","获得赫菲斯托斯与对应的突破材料2",1059,3000,4.99,1024,1070,1,5,100,"iap_28",0,0,4,1,0,1,5,31,60,2,16,40,2,10,20,2,21,10],
["iap_32",1052,"image_18","获得赫菲斯托斯与对应的突破材料3",1060,6800,9.99,1024,1070,1,6,200,"iap_29",0,0,4,1,0,1,5,31,300,2,10,40,2,21,30,2,8,15],
["iap_33",1050,"image_18","获得赫菲斯托斯与对应的突破材料",1061,1800,2.99,1024,1071,1,4,50,"iap_27",0,0,4,1,0,1,3,32,1,2,14,20,2,10,10,"","",""],
["iap_34",1051,"image_18","获得赫菲斯托斯与对应的突破材料2",1062,3000,4.99,1024,1071,1,5,100,"iap_28",0,0,4,1,0,1,5,32,60,2,14,40,2,10,20,2,21,10],
["iap_35",1052,"image_18","获得赫菲斯托斯与对应的突破材料3",1063,6800,9.99,1024,1071,1,6,200,"iap_29",0,0,4,1,0,1,5,32,300,2,10,40,2,21,30,2,2,15],
["iap_36",1050,"image_18","获得赫菲斯托斯与对应的突破材料",1064,1800,2.99,1024,1072,1,4,50,"iap_27",0,0,4,1,0,1,3,33,1,2,14,20,2,10,10,"","",""],
["iap_37",1051,"image_18","获得赫菲斯托斯与对应的突破材料2",1065,3000,4.99,1024,1072,1,5,100,"iap_28",0,0,4,1,0,1,5,33,60,2,14,40,2,10,20,2,21,10],
["iap_38",1052,"image_18","获得赫菲斯托斯与对应的突破材料3",1066,6800,9.99,1024,1072,1,6,200,"iap_29",0,0,4,1,0,1,5,33,300,2,10,40,2,21,30,2,1,15],
["iap_39",1050,"image_18","获得赫菲斯托斯与对应的突破材料",1067,1800,2.99,1024,1073,1,4,50,"iap_27",0,0,4,1,0,1,3,35,1,2,18,20,2,10,10,"","",""],
["iap_40",1051,"image_18","获得赫菲斯托斯与对应的突破材料2",1068,3000,4.99,1024,1073,1,5,100,"iap_28",0,0,4,1,0,1,5,35,60,2,18,40,2,10,20,2,23,10],
["iap_41",1052,"image_18","获得赫菲斯托斯与对应的突破材料3",1069,6800,9.99,1024,1073,1,6,200,"iap_29",0,0,4,1,0,1,5,35,300,2,10,40,2,23,30,2,6,15],
["iap_6",674,"image_6","获得 100 钻石",691,500,0.99,0,0,2,0,0,"iap_6",0,0,0,1,0,0,1,2,100,"","","","","","","","",""],
["iap_7",675,"image_7","获得 720 钻石",692,3000,4.99,706,0,2,0,0,"iap_7",0,0,0,1,0.2,0,1,2,720,"","","","","","","","",""],
["iap_8",676,"image_8","获得 1800 钻石",693,6800,9.99,707,0,2,0,0,"iap_8",0,0,0,1,0.2,0,1,2,1800,"","","","","","","","",""],
["iap_9",677,"image_9","获得 2500 钻石",694,8800,12.99,708,0,2,0,0,"iap_9",0,0,0,1,0.2,0,1,2,2500,"","","","","","","","",""],
["iap_10",678,"image_10","获得 3800 钻石",695,12800,19.99,709,0,2,0,0,"iap_10",0,0,0,1,0.2,0,1,2,3800,"","","","","","","","",""],
["iap_11",679,"image_11","获得 10000 钻石",696,32800,49.99,710,0,2,0,0,"iap_11",0,0,0,1,0.2,0,1,2,10000,"","","","","","","","",""],
["iap_12",680,"image_12","获得 22000 钻石",697,64800,99.99,711,0,2,0,0,"iap_12",0,0,0,1,0.2,0,1,2,22000,"","","","","","","","",""],
[013,681,"image_13","获得 10000 金币",698,50,50,0,0,3,0,0,013,0,0,0,2,0,0,1,1,10000,"","","","","","","","",""],
[014,682,"image_14","获得 24000 金币",699,100,100,712,0,3,0,0,014,0,0,0,2,0,0,1,1,24000,"","","","","","","","",""],
[015,683,"image_15","获得 52000 金币",700,200,200,713,0,3,0,0,015,0,0,0,2,0,0,1,1,52000,"","","","","","","","",""],
[016,684,"image_16","获得 140000 金币",701,500,500,714,0,3,0,0,016,0,0,0,2,0,0,1,1,140000,"","","","","","","","",""],
[017,685,"image_17","获得 300000 金币",702,1000,1000,715,0,3,0,0,017,0,0,0,2,0,0,1,1,300000,"","","","","","","","",""],
["vip_1",1054,0,0,0,3000,4.99,0,0,4,0,0,"iap_31",0,0,0,1,0,0,8,1,30,"","","","","","","","",""],
["vip_2",1055,0,0,0,6800,9.99,0,0,4,0,0,"iap_34",0,0,0,1,0,0,8,1,90,"","","","","","","","",""],
["vip_3",1056,0,0,0,12800,19.99,0,0,4,0,0,"iap_32",0,0,0,1,0,0,8,1,360,"","","","","","","","",""]
]